5545322325  m  天津  1984-11-27  2714280233  3920871143  5290655937  1834257884  2208786302  2112469561  1306157187  3739922624  3129816345  3296835291  
5854861676  f  新疆 石河子  #  5926318749  2261841387  1744188571  1567875513  5849865520  5187664653  1727191592  2477021675  2871031604  1993350880  
5942190039  f  河南 郑州  #  2993049293  1713926427  2514873487  2501519087  3508612897  2205797734  2273421237  1732802301  2476481021  2799017862  
5339279126  f  其他  #  2699566192  3491130564  2013669652  2287681313  3322533482  2893351587  2097838544  2805326271  2729273811  1791867263  
5688257739  f  其他  #  2993049293  5824848313  1639818747  1731986465  5558298656  5646432164  1300546890  5598278574  1838861281  5626517475  
2881126301  f  其他  狮子座  1797318497  5737819079  3022734051  2559532933  2103510100  3860550794  
5466265689  m  江苏 泰州  1988-01-15  5222845936  5939005566  2718604160  1140554177  1398440451  2715025067  1904060694  1784473157  5658656902  1298295757  
5941977769  m  其他  #  
1896826703  f  浙江 杭州  1992-07-11  2993049293  2519323870  2135505385  1730715441  1768511567  1549362863  1770059175  3137887141  2768690285  5769389148  
3277624475  m  湖北 荆门  #  2915266354  3515083354  3018237157  1582134940  2440051591  1244623634  3306126761  2218712947  5255422597  1088270121  
